           0.15    0.00    0.43    0.04    0.00   99.38
           4.12    0.00    4.00    0.00    0.00   91.88
          11.36    0.00   17.55    0.00    0.00   71.09
          11.12    0.00   17.71    0.00    0.00   71.17
          11.34    0.00   17.51    0.00    0.00   71.15
          11.26    0.00   17.67    0.00    0.00   71.07
          11.24    0.00   17.67    0.00    0.00   71.08
          11.24    0.00   17.66    0.00    0.00   71.10
          11.35    0.00   17.58    0.00    0.00   71.06
          11.15    0.00   17.69    0.00    0.00   71.16
          11.25    0.00   17.65    0.00    0.00   71.10
          11.54    0.00   17.37    0.00    0.00   71.09
          11.30    0.00   17.69    0.00    0.00   71.00
          11.37    0.00   17.77    0.00    0.00   70.86
          11.31    0.00   17.62    0.00    0.00   71.07
          11.18    0.00   17.59    0.00    0.00   71.23
          11.12    0.00   17.75    0.00    0.00   71.13
          11.34    0.00   17.54    0.00    0.00   71.12
          11.35    0.00   17.65    0.00    0.00   71.00
          11.17    0.00   17.72    0.00    0.00   71.11
          11.30    0.00   17.62    0.00    0.00   71.08
          11.19    0.00   17.68    0.00    0.00   71.13
          11.21    0.00   17.60    0.00    0.00   71.18
          11.49    0.00   17.42    0.00    0.00   71.09
          11.26    0.00   17.66    0.00    0.00   71.08
          11.21    0.00   17.66    0.00    0.00   71.13
          11.16    0.00   17.75    0.00    0.00   71.09
          11.22    0.00   17.58    0.00    0.00   71.20
          11.23    0.00   17.55    0.00    0.00   71.22
          11.21    0.00   17.53    0.00    0.00   71.26
          11.30    0.00   17.56    0.00    0.00   71.13
          11.18    0.00   17.58    0.00    0.00   71.23
          11.15    0.00   17.64    0.00    0.00   71.22
          10.95    0.00   17.69    0.00    0.00   71.36
          11.03    0.00   17.55    0.00    0.00   71.42
          10.90    0.00   17.54    0.00    0.00   71.55
          11.08    0.00   17.58    0.00    0.00   71.34
          11.14    0.00   17.23    0.00    0.00   71.64
          11.18    0.00   17.24    0.00    0.00   71.58
          11.18    0.00   17.17    0.00    0.00   71.65
          11.00    0.00   17.28    0.00    0.00   71.73
          11.14    0.00   17.28    0.00    0.00   71.59
          11.09    0.00   17.02    0.00    0.00   71.88
          11.00    0.00   17.13    0.00    0.00   71.87
          10.91    0.00   17.01    0.00    0.00   72.07
          10.76    0.00   17.06    0.00    0.00   72.18
          11.49    0.00   16.89    0.48    0.00   71.14
          10.81    0.00   16.69    0.00    0.00   72.49
          10.68    0.00   16.93    0.00    0.00   72.39
          10.68    0.00   16.95    0.00    0.00   72.37
          10.73    0.00   16.81    0.00    0.00   72.46
          10.82    0.00   16.62    0.00    0.00   72.56
          10.63    0.00   16.53    0.00    0.00   72.84
          10.59    0.00   16.43    0.00    0.00   72.98
          10.52    0.00   16.51    0.00    0.00   72.97
          10.48    0.00   16.49    0.00    0.00   73.03
          10.58    0.00   16.36    0.00    0.00   73.07
          10.60    0.00   16.35    0.00    0.00   73.05
          10.58    0.00   16.17    0.00    0.00   73.26
          10.52    0.00   16.35    0.00    0.00   73.14
          10.32    0.00   16.42    0.00    0.00   73.26
          10.35    0.00   16.28    0.00    0.00   73.37
          10.57    0.00   15.97    0.00    0.00   73.47
          10.33    0.00   16.31    0.00    0.00   73.36
          10.30    0.00   16.07    0.00    0.00   73.63
          10.47    0.00   15.96    0.00    0.00   73.57
          10.19    0.00   16.16    0.00    0.00   73.65
          10.26    0.00   15.96    0.00    0.00   73.78
          10.03    0.00   16.01    0.00    0.00   73.96
          10.47    0.00   15.68    0.00    0.00   73.84
          10.29    0.00   15.50    0.00    0.00   74.21
          10.11    0.00   15.72    0.00    0.00   74.16
          10.32    0.00   15.54    0.00    0.00   74.14
          10.25    0.00   15.46    0.00    0.00   74.29
          10.00    0.00   15.63    0.00    0.00   74.37
          10.19    0.00   15.34    0.00    0.00   74.47
          10.17    0.00   15.38    0.00    0.00   74.44
          10.18    0.00   15.26    0.00    0.00   74.56
          10.31    0.00   15.28    0.00    0.00   74.40
           9.90    0.00   15.38    0.00    0.00   74.73
           9.97    0.00   15.50    0.00    0.00   74.53
          10.07    0.00   15.22    0.00    0.00   74.71
           9.90    0.00   15.18    0.00    0.00   74.92
          10.06    0.00   14.92    0.00    0.00   75.02
           9.98    0.00   14.91    0.00    0.00   75.10
           9.96    0.00   15.03    0.00    0.00   75.01
           9.82    0.00   15.10    0.00    0.00   75.08
           9.88    0.00   14.88    0.00    0.00   75.24
           9.83    0.00   14.92    0.00    0.00   75.25
           9.78    0.00   14.95    0.00    0.00   75.26
           9.70    0.00   14.99    0.00    0.00   75.31
           9.86    0.00   14.82    0.00    0.00   75.32
           9.63    0.00   15.01    0.00    0.00   75.36
           9.64    0.00   14.72    0.00    0.00   75.64
           9.61    0.00   14.92    0.00    0.00   75.46
           9.78    0.00   14.70    0.00    0.00   75.52
           9.69    0.00   14.62    0.00    0.00   75.68
           9.78    0.00   14.53    0.00    0.00   75.69
           9.66    0.00   14.53    0.00    0.00   75.80
           9.68    0.00   14.71    0.00    0.00   75.61
           9.73    0.00   14.51    0.00    0.00   75.75
           9.83    0.00   14.34    0.00    0.00   75.84
           9.60    0.00   14.55    0.00    0.00   75.84
           9.63    0.00   14.40    0.00    0.00   75.96
           9.53    0.00   14.43    0.00    0.00   76.04
           9.49    0.00   14.52    0.00    0.00   75.99
          10.05    0.00   14.48    0.46    0.00   75.01
           9.32    0.00   14.45    0.00    0.00   76.23
           9.45    0.00   14.22    0.00    0.00   76.33
           9.59    0.00   14.25    0.00    0.00   76.16
           9.20    0.00   14.65    0.00    0.00   76.15
           9.48    0.00   14.31    0.00    0.00   76.21
           9.50    0.00   14.33    0.00    0.00   76.17
           9.51    0.00   14.13    0.00    0.00   76.36
           9.36    0.00   14.24    0.00    0.00   76.39
           9.39    0.00   14.17    0.00    0.00   76.44
           9.45    0.00   14.17    0.00    0.00   76.38
           9.31    0.00   14.13    0.00    0.00   76.56
           9.28    0.00   14.18    0.00    0.00   76.54
           9.20    0.00   14.28    0.00    0.00   76.52
           9.32    0.00   14.23    0.00    0.00   76.45
           9.42    0.00   13.87    0.00    0.00   76.70
           9.28    0.00   14.05    0.00    0.00   76.67
           9.23    0.00   13.99    0.00    0.00   76.78
           9.26    0.00   13.88    0.00    0.00   76.86
           9.22    0.00   14.04    0.00    0.00   76.73
           9.53    0.00   13.92    0.00    0.00   76.55
           9.03    0.00   14.06    0.00    0.00   76.91
           9.20    0.00   13.92    0.00    0.00   76.88
           9.20    0.00   14.10    0.00    0.00   76.70
           9.25    0.00   13.86    0.00    0.00   76.88
           9.17    0.00   13.84    0.00    0.00   76.99
           9.07    0.00   13.75    0.00    0.00   77.19
           9.00    0.00   13.88    0.00    0.00   77.12
           9.08    0.00   13.96    0.00    0.00   76.96
           9.13    0.00   13.89    0.00    0.00   76.98
           8.93    0.00   13.90    0.00    0.00   77.17
           8.85    0.00   14.00    0.00    0.00   77.14
           9.22    0.00   13.88    0.00    0.00   76.89
           9.16    0.00   13.62    0.00    0.00   77.22
           9.13    0.00   13.72    0.00    0.00   77.14
           8.98    0.00   13.83    0.00    0.00   77.19
           9.15    0.00   13.75    0.00    0.00   77.10
           9.10    0.00   13.84    0.00    0.00   77.06
           8.94    0.00   13.94    0.00    0.00   77.12
           8.92    0.00   13.73    0.00    0.00   77.35
           8.87    0.00   13.82    0.00    0.00   77.30
           8.87    0.00   13.67    0.00    0.00   77.45
           8.91    0.00   13.60    0.00    0.00   77.49
           8.88    0.00   13.52    0.00    0.00   77.60
           9.23    0.00   13.89    0.00    0.00   76.88
           8.92    0.00   13.60    0.00    0.00   77.48
           8.98    0.00   13.87    0.00    0.00   77.15
           9.04    0.00   13.54    0.00    0.00   77.42
           9.10    0.00   13.66    0.00    0.00   77.23
           9.03    0.00   13.48    0.00    0.00   77.48
           8.88    0.00   13.53    0.00    0.00   77.59
           8.95    0.00   13.55    0.00    0.00   77.49
           8.77    0.00   13.39    0.00    0.00   77.83
           8.63    0.00   13.42    0.00    0.00   77.96
           8.85    0.00   13.44    0.00    0.00   77.71
           8.77    0.00   13.52    0.00    0.00   77.71
           8.80    0.00   13.44    0.00    0.00   77.76
           8.90    0.00   13.37    0.00    0.00   77.74
           8.84    0.00   13.44    0.00    0.00   77.73
           8.82    0.00   13.61    0.00    0.00   77.57
           9.36    0.00   13.46    1.20    0.00   75.98
           8.84    0.00   13.52    0.00    0.00   77.64
           9.09    0.00   13.58    0.00    0.00   77.33
           8.90    0.00   13.56    0.00    0.00   77.54
           8.75    0.00   13.41    0.00    0.00   77.84
           8.80    0.00   13.32    0.00    0.00   77.88
           8.77    0.00   13.39    0.00    0.00   77.84
           8.68    0.00   13.40    0.00    0.00   77.93
           8.78    0.00   13.29    0.00    0.00   77.93
           8.74    0.00   13.12    0.00    0.00   78.14
           8.73    0.00   13.07    0.00    0.00   78.20
           8.72    0.00   13.03    0.00    0.00   78.25
           8.60    0.00   13.35    0.00    0.00   78.05
           8.78    0.00   13.35    0.00    0.00   77.88
           8.77    0.00   13.44    0.00    0.00   77.79
           8.78    0.00   13.31    0.00    0.00   77.91
           8.89    0.00   13.28    0.00    0.00   77.82
           8.70    0.00   13.11    0.00    0.00   78.19
           8.84    0.00   12.93    0.00    0.00   78.23
           8.71    0.00   13.27    0.00    0.00   78.03
           8.69    0.00   13.25    0.00    0.00   78.06
           8.76    0.00   13.40    0.00    0.00   77.84
           8.68    0.00   13.24    0.00    0.00   78.08
           8.75    0.00   13.12    0.00    0.00   78.12
           8.70    0.00   13.05    0.00    0.00   78.25
           8.80    0.00   13.08    0.00    0.00   78.12
           8.63    0.00   13.18    0.00    0.00   78.20
           8.62    0.00   13.08    0.00    0.00   78.30
           8.57    0.00   13.21    0.00    0.00   78.21
           8.74    0.00   13.06    0.00    0.00   78.20
           8.72    0.00   13.13    0.00    0.00   78.15
           8.58    0.00   13.23    0.00    0.00   78.19
           8.65    0.00   13.09    0.00    0.00   78.26
           8.55    0.00   13.14    0.00    0.00   78.31
           8.59    0.00   13.04    0.00    0.00   78.37
           8.54    0.00   13.01    0.00    0.00   78.45
           8.59    0.00   13.21    0.00    0.00   78.20
           8.65    0.00   13.01    0.00    0.00   78.34
           8.72    0.00   13.13    0.00    0.00   78.15
           8.54    0.00   13.05    0.00    0.00   78.41
           8.63    0.00   12.94    0.00    0.00   78.43
           8.62    0.00   12.90    0.00    0.00   78.48
           8.61    0.00   12.95    0.00    0.00   78.44
           8.48    0.00   12.85    0.00    0.00   78.67
           8.62    0.00   13.07    0.00    0.00   78.31
           8.62    0.00   12.91    0.00    0.00   78.47
           8.78    0.00   13.05    0.00    0.00   78.16
           8.53    0.00   13.07    0.00    0.00   78.40
           8.49    0.00   12.92    0.00    0.00   78.60
           8.51    0.00   12.99    0.00    0.00   78.51
           8.49    0.00   12.99    0.00    0.00   78.52
           8.60    0.00   12.85    0.00    0.00   78.55
           8.58    0.00   12.71    0.00    0.00   78.71
           8.53    0.00   12.91    0.00    0.00   78.55
           8.43    0.00   13.01    0.00    0.00   78.56
           8.41    0.00   12.90    0.00    0.00   78.68
           8.51    0.00   12.82    0.00    0.00   78.68
           8.57    0.00   12.96    0.00    0.00   78.47
           8.54    0.00   12.92    0.00    0.00   78.54
           8.50    0.00   12.98    0.00    0.00   78.52
           9.15    0.00   12.87    0.64    0.00   77.34
           8.69    0.00   13.13    0.00    0.00   78.18
           8.68    0.00   12.83    0.00    0.00   78.49
           8.40    0.00   12.57    0.00    0.00   79.03
           8.39    0.00   12.66    0.00    0.00   78.95
           8.29    0.00   12.85    0.00    0.00   78.86
           8.54    0.00   12.66    0.00    0.00   78.79
           8.57    0.00   12.63    0.00    0.00   78.80
           8.46    0.00   12.69    0.00    0.00   78.85
           8.35    0.00   12.76    0.00    0.00   78.89
           8.69    0.00   12.51    0.00    0.00   78.80
           8.36    0.00   12.75    0.00    0.00   78.90
           8.32    0.00   12.61    0.00    0.00   79.07
           8.55    0.00   12.59    0.00    0.00   78.87
           8.59    0.00   12.59    0.00    0.00   78.82
           8.41    0.00   12.51    0.00    0.00   79.08
           8.37    0.00   12.76    0.00    0.00   78.88
           8.34    0.00   12.75    0.00    0.00   78.91
           8.33    0.00   12.69    0.00    0.00   78.99
           8.38    0.00   12.60    0.00    0.00   79.03
           8.45    0.00   12.68    0.00    0.00   78.87
           8.49    0.00   12.72    0.00    0.00   78.79
           8.48    0.00   12.65    0.00    0.00   78.87
           8.42    0.00   12.85    0.00    0.00   78.74
           8.28    0.00   12.67    0.00    0.00   79.05
           8.22    0.00   12.76    0.00    0.00   79.02
           8.30    0.00   12.52    0.00    0.00   79.18
           8.34    0.00   12.55    0.00    0.00   79.11
           8.43    0.00   12.61    0.00    0.00   78.97
           8.33    0.00   12.44    0.00    0.00   79.23
           8.36    0.00   12.64    0.00    0.00   79.00
           8.32    0.00   12.47    0.00    0.00   79.21
           8.29    0.00   12.59    0.00    0.00   79.12
           8.20    0.00   12.64    0.00    0.00   79.16
           8.32    0.00   12.67    0.00    0.00   79.02
           8.47    0.00   12.54    0.00    0.00   79.00
           8.29    0.00   12.65    0.00    0.00   79.07
           8.41    0.00   12.57    0.00    0.00   79.03
           8.50    0.00   12.44    0.00    0.00   79.06
           8.40    0.00   12.57    0.00    0.00   79.03
           8.40    0.00   12.47    0.00    0.00   79.13
           8.36    0.00   12.52    0.00    0.00   79.12
           8.21    0.00   12.38    0.00    0.00   79.41
           8.28    0.00   12.43    0.00    0.00   79.30
           8.29    0.00   12.63    0.00    0.00   79.08
           8.28    0.00   12.53    0.00    0.00   79.19
           8.32    0.00   12.38    0.00    0.00   79.31
           8.31    0.00   12.30    0.00    0.00   79.39
           8.34    0.00   12.39    0.00    0.00   79.27
           8.45    0.00   12.14    0.00    0.00   79.40
           8.17    0.00   12.38    0.00    0.00   79.44
           8.37    0.00   12.42    0.00    0.00   79.21
           8.42    0.00   12.52    0.00    0.00   79.06
           8.37    0.00   12.35    0.00    0.00   79.28
           8.19    0.00   12.52    0.00    0.00   79.29
           8.46    0.00   12.49    0.00    0.00   79.05
           8.34    0.00   12.50    0.00    0.00   79.17
           8.17    0.00   12.24    0.00    0.00   79.59
           8.28    0.00   12.39    0.00    0.00   79.33
           8.27    0.00   12.41    0.00    0.00   79.32
           8.89    0.00   12.54    0.49    0.00   78.08
           8.10    0.00   12.42    0.00    0.00   79.47
           8.28    0.00   12.35    0.00    0.00   79.37
           8.18    0.00   12.37    0.00    0.00   79.46
           8.17    0.00   12.38    0.00    0.00   79.45
           8.35    0.00   12.19    0.00    0.00   79.46
           8.28    0.00   12.27    0.00    0.00   79.45
           8.33    0.00   12.27    0.00    0.00   79.39
           8.18    0.00   12.32    0.00    0.00   79.50
           8.19    0.00   12.21    0.00    0.00   79.59
           8.26    0.00   12.15    0.00    0.00   79.59
           8.28    0.00   12.21    0.00    0.00   79.51
           8.21    0.00   12.16    0.00    0.00   79.63
           8.22    0.00   12.32    0.00    0.00   79.46
           8.42    0.00   12.39    0.00    0.00   79.18
           8.29    0.00   12.33    0.00    0.00   79.38
           8.16    0.00   12.33    0.00    0.00   79.51
           8.23    0.00   12.31    0.00    0.00   79.46
           8.32    0.00   12.15    0.00    0.00   79.53
           8.16    0.00   12.26    0.00    0.00   79.58
           8.38    0.00   12.21    0.00    0.00   79.41
           8.23    0.00   12.32    0.00    0.00   79.45
           8.18    0.00   12.25    0.00    0.00   79.57
           8.07    0.00   12.32    0.00    0.00   79.61
           8.18    0.00   12.35    0.00    0.00   79.47
           8.10    0.00   12.34    0.00    0.00   79.56
           8.35    0.00   12.30    0.00    0.00   79.36
           8.08    0.00   12.24    0.00    0.00   79.68
           8.28    0.00   12.34    0.00    0.00   79.38
           8.10    0.00   12.17    0.00    0.00   79.73
           8.16    0.00   12.31    0.00    0.00   79.53
           8.14    0.00   12.28    0.00    0.00   79.58
           8.22    0.00   12.37    0.00    0.00   79.41
           8.17    0.00   12.18    0.00    0.00   79.64
           8.30    0.00   11.92    0.00    0.00   79.79
           8.19    0.00   12.25    0.00    0.00   79.56
           8.06    0.00   12.10    0.00    0.00   79.84
           8.49    0.00   11.91    0.00    0.00   79.60
           8.15    0.00   12.26    0.00    0.00   79.60
           8.23    0.00   12.23    0.00    0.00   79.54
           8.16    0.00   12.31    0.00    0.00   79.53
           8.24    0.00   12.32    0.00    0.00   79.43
           8.38    0.00   12.15    0.00    0.00   79.47
           8.15    0.00   12.28    0.00    0.00   79.56
           8.23    0.00   12.52    0.00    0.00   79.25
           8.15    0.00   12.01    0.00    0.00   79.84
           8.13    0.00   12.17    0.00    0.00   79.70
           7.99    0.00   12.00    0.00    0.00   80.01
           8.16    0.00   12.22    0.00    0.00   79.62
           8.07    0.00   12.25    0.00    0.00   79.68
           8.35    0.00   12.40    0.00    0.00   79.25
           8.15    0.00   12.35    0.00    0.00   79.50
           8.30    0.00   12.01    0.00    0.00   79.69
           8.07    0.00   12.10    0.00    0.00   79.83
           8.02    0.00   12.23    0.00    0.00   79.75
           8.27    0.00   12.08    0.00    0.00   79.65
           8.30    0.00   12.09    0.00    0.00   79.61
           8.12    0.00   12.13    0.00    0.00   79.75
           8.15    0.00   12.24    0.00    0.00   79.61
           8.59    0.00   12.64    0.00    0.00   78.77
           9.80    0.00   13.48    1.33    0.00   75.39
          20.50    0.19   15.26    2.55    0.00   61.49
          11.31    0.04   12.94    0.00    0.00   75.72
          11.50    0.00   12.86    0.00    0.00   75.64
          13.55    0.01   14.92    1.36    0.00   70.16
          10.96    0.00   12.85    0.00    0.00   76.19
          11.23    0.00   12.56    0.00    0.00   76.21
          11.21    0.00   13.06    0.01    0.00   75.72
          11.27    0.00   13.58    0.00    0.00   75.15
          11.13    0.00   13.46    0.00    0.00   75.41
          11.20    0.00   13.41    0.01    0.00   75.37
          11.25    0.00   12.90    0.00    0.00   75.84
          10.92    0.00   12.98    0.00    0.00   76.10
          10.90    0.00   12.79    0.00    0.00   76.31
          10.80    0.00   12.86    0.00    0.00   76.34
          10.87    0.00   12.86    0.00    0.00   76.27
          10.82    0.00   12.84    0.00    0.00   76.34
          10.98    0.00   13.02    0.00    0.00   76.00
          11.00    0.00   13.13    0.00    0.00   75.87
          10.99    0.00   13.04    0.00    0.00   75.97
          11.29    0.00   13.26    0.00    0.00   75.46
          10.89    0.00   13.06    0.00    0.00   76.05
          11.06    0.00   13.03    0.00    0.00   75.91
          11.06    0.00   12.70    0.00    0.00   76.23
          11.06    0.00   12.85    0.00    0.00   76.09
          11.03    0.00   12.58    0.00    0.00   76.39
          10.92    0.00   12.70    0.00    0.00   76.38
          10.92    0.00   12.49    0.00    0.00   76.59
          10.97    0.00   12.64    0.00    0.00   76.38
          11.36    0.00   12.73    0.00    0.00   75.91
          10.90    0.00   12.74    0.00    0.00   76.36
          10.99    0.00   12.74    0.00    0.00   76.28
          10.88    0.00   12.91    0.00    0.00   76.21
          10.82    0.00   12.86    0.00    0.00   76.32
          11.10    0.00   12.99    0.00    0.00   75.91
          10.89    0.00   12.87    0.00    0.00   76.24
