           0.55    0.00    0.99    0.04    0.00   98.41
           6.63    0.00    4.07    0.00    0.00   89.30
          10.81    0.00   12.93    0.00    0.00   76.26
          11.11    0.00   12.71    0.00    0.00   76.19
          10.86    0.00   12.72    0.00    0.00   76.42
          10.96    0.00   12.87    0.00    0.00   76.17
          10.99    0.00   12.98    0.00    0.00   76.04
          11.05    0.00   12.91    0.00    0.00   76.04
          10.99    0.00   12.74    0.00    0.00   76.26
          11.03    0.00   12.69    0.00    0.00   76.28
          10.79    0.00   12.76    0.00    0.00   76.44
          11.00    0.00   12.71    0.00    0.00   76.30
          10.99    0.00   13.04    0.00    0.00   75.97
          10.96    0.00   12.65    0.00    0.00   76.39
          10.98    0.00   12.79    0.00    0.00   76.23
          10.86    0.00   12.84    0.00    0.00   76.29
          10.90    0.00   12.83    0.00    0.00   76.27
          10.93    0.00   12.77    0.00    0.00   76.30
          10.99    0.00   12.68    0.00    0.00   76.33
          10.84    0.00   12.69    0.00    0.00   76.47
          10.89    0.00   12.55    0.00    0.00   76.56
          10.84    0.00   12.77    0.00    0.00   76.40
          10.77    0.00   12.76    0.00    0.00   76.47
          10.92    0.00   12.71    0.00    0.00   76.38
          10.84    0.00   12.83    0.00    0.00   76.33
          10.81    0.00   12.74    0.00    0.00   76.45
          10.84    0.00   12.98    0.00    0.00   76.18
          11.04    0.00   12.73    0.00    0.00   76.23
          11.17    0.00   12.87    0.00    0.00   75.95
          10.78    0.00   12.93    0.00    0.00   76.29
          10.83    0.00   12.88    0.00    0.00   76.29
          10.81    0.00   12.67    0.00    0.00   76.52
          10.91    0.00   12.65    0.00    0.00   76.44
          10.77    0.00   12.58    0.00    0.00   76.65
          10.92    0.00   12.64    0.00    0.00   76.44
          10.77    0.00   12.73    0.00    0.00   76.50
          10.80    0.00   12.75    0.00    0.00   76.45
          10.84    0.00   12.75    0.00    0.00   76.41
          10.89    0.00   12.81    0.00    0.00   76.30
          10.88    0.00   12.56    0.00    0.00   76.56
          10.92    0.00   12.59    0.00    0.00   76.49
          11.05    0.00   12.39    0.00    0.00   76.56
          10.65    0.00   12.78    0.00    0.00   76.57
          10.70    0.00   12.66    0.00    0.00   76.63
          10.79    0.00   12.95    0.00    0.00   76.27
          10.82    0.00   12.79    0.00    0.00   76.40
          11.50    0.00   13.00    0.60    0.00   74.89
          10.89    0.00   12.81    0.00    0.00   76.31
          11.07    0.00   12.61    0.00    0.00   76.32
          10.79    0.00   12.70    0.00    0.00   76.51
          10.93    0.00   12.52    0.00    0.00   76.55
          10.82    0.00   12.65    0.00    0.00   76.53
          10.90    0.00   12.52    0.00    0.00   76.58
          10.82    0.00   12.70    0.00    0.00   76.49
          10.78    0.00   12.76    0.00    0.00   76.46
          10.86    0.00   12.73    0.00    0.00   76.41
          10.78    0.00   12.62    0.00    0.00   76.60
          10.75    0.00   12.81    0.00    0.00   76.45
          10.86    0.00   12.67    0.00    0.00   76.47
          10.75    0.00   12.58    0.00    0.00   76.66
          10.89    0.00   12.55    0.00    0.00   76.56
          10.99    0.00   12.60    0.00    0.00   76.41
          10.74    0.00   12.63    0.00    0.00   76.63
          10.72    0.00   12.67    0.00    0.00   76.61
          10.92    0.00   12.54    0.00    0.00   76.54
          10.83    0.00   12.54    0.00    0.00   76.63
          10.83    0.00   12.73    0.00    0.00   76.44
          10.74    0.00   12.55    0.00    0.00   76.71
          10.84    0.00   12.44    0.00    0.00   76.72
          10.69    0.00   12.56    0.00    0.00   76.75
          10.74    0.00   12.77    0.00    0.00   76.49
          10.86    0.00   12.45    0.00    0.00   76.69
          10.81    0.00   12.48    0.00    0.00   76.71
          10.76    0.00   12.78    0.00    0.00   76.45
          10.78    0.00   12.68    0.00    0.00   76.54
          10.85    0.00   12.73    0.00    0.00   76.41
          10.90    0.00   12.57    0.00    0.00   76.53
          10.85    0.00   12.45    0.00    0.00   76.70
          10.76    0.00   12.53    0.00    0.00   76.71
          10.67    0.00   12.43    0.00    0.00   76.90
          10.67    0.00   12.53    0.00    0.00   76.81
          10.68    0.00   12.57    0.00    0.00   76.75
          10.81    0.00   12.74    0.00    0.00   76.45
          10.83    0.00   12.62    0.00    0.00   76.55
          10.83    0.00   12.54    0.00    0.00   76.63
          10.84    0.00   12.68    0.00    0.00   76.48
          10.76    0.00   12.80    0.00    0.00   76.44
          10.72    0.00   12.77    0.00    0.00   76.51
          10.77    0.00   12.73    0.00    0.00   76.50
          10.83    0.00   12.56    0.00    0.00   76.61
          10.71    0.00   12.48    0.00    0.00   76.81
          10.91    0.00   12.96    0.00    0.00   76.13
          10.94    0.00   12.66    0.00    0.00   76.40
          10.88    0.00   12.56    0.00    0.00   76.56
          10.98    0.00   12.55    0.00    0.00   76.47
          10.87    0.00   12.72    0.00    0.00   76.42
          10.72    0.00   12.76    0.00    0.00   76.52
          10.84    0.00   12.81    0.00    0.00   76.35
          10.61    0.00   12.70    0.00    0.00   76.69
          10.72    0.00   12.57    0.00    0.00   76.71
          10.70    0.00   12.50    0.00    0.00   76.80
          10.69    0.00   12.34    0.00    0.00   76.97
          10.84    0.00   12.47    0.00    0.00   76.69
          10.90    0.00   12.35    0.00    0.00   76.75
          10.85    0.00   12.52    0.00    0.00   76.63
          10.74    0.00   12.65    0.00    0.00   76.61
          11.41    0.00   12.58    1.30    0.00   74.71
          10.77    0.00   12.51    0.00    0.00   76.72
          10.93    0.00   12.81    0.00    0.00   76.25
          10.83    0.00   12.73    0.00    0.00   76.44
          10.70    0.00   12.56    0.00    0.00   76.74
          10.82    0.00   12.44    0.00    0.00   76.74
          10.72    0.00   12.53    0.00    0.00   76.75
          10.68    0.00   12.64    0.00    0.00   76.68
          10.62    0.00   12.35    0.00    0.00   77.04
          10.71    0.00   12.57    0.00    0.00   76.73
          10.55    0.00   12.55    0.00    0.00   76.91
          10.45    0.00   12.63    0.00    0.00   76.92
          10.57    0.00   12.43    0.00    0.00   77.00
          10.56    0.00   12.22    0.00    0.00   77.22
          10.59    0.00   12.54    0.00    0.00   76.86
          10.76    0.00   12.28    0.00    0.00   76.96
          10.71    0.00   12.25    0.00    0.00   77.05
          10.60    0.00   12.06    0.00    0.00   77.33
          10.57    0.00   12.06    0.00    0.00   77.37
          10.58    0.00   12.42    0.00    0.00   77.00
          10.88    0.00   12.30    0.00    0.00   76.83
          10.87    0.00   12.42    0.00    0.00   76.71
          10.57    0.00   12.26    0.00    0.00   77.17
          10.77    0.00   12.30    0.00    0.00   76.93
          10.65    0.00   12.64    0.00    0.00   76.71
          10.61    0.00   12.60    0.00    0.00   76.79
          10.79    0.00   12.44    0.00    0.00   76.77
          10.61    0.00   12.10    0.00    0.00   77.29
          10.64    0.00   12.22    0.00    0.00   77.14
          10.74    0.00   12.21    0.00    0.00   77.05
          10.61    0.00   12.08    0.00    0.00   77.30
          10.52    0.00   12.38    0.00    0.00   77.10
          10.62    0.00   12.41    0.00    0.00   76.98
          10.74    0.00   12.50    0.00    0.00   76.75
          10.62    0.00   12.24    0.00    0.00   77.14
          10.65    0.00   11.99    0.00    0.00   77.36
          10.54    0.00   11.91    0.00    0.00   77.56
          10.45    0.00   11.86    0.00    0.00   77.69
          10.50    0.00   11.97    0.00    0.00   77.53
          10.56    0.00   11.89    0.00    0.00   77.54
          10.65    0.00   12.25    0.00    0.00   77.10
          10.37    0.00   12.14    0.00    0.00   77.50
          10.52    0.00   12.12    0.00    0.00   77.35
          10.48    0.00   11.77    0.00    0.00   77.75
          10.58    0.00   11.87    0.00    0.00   77.56
          10.33    0.00   12.01    0.00    0.00   77.67
          10.33    0.00   12.15    0.00    0.00   77.51
          10.29    0.00   11.99    0.00    0.00   77.72
          10.42    0.00   11.74    0.00    0.00   77.84
          10.46    0.00   11.80    0.00    0.00   77.74
          10.49    0.00   12.13    0.00    0.00   77.38
          10.44    0.00   12.08    0.00    0.00   77.49
          10.32    0.00   12.02    0.00    0.00   77.66
          10.50    0.00   12.02    0.00    0.00   77.48
          10.56    0.00   12.12    0.00    0.00   77.32
          10.53    0.00   11.98    0.00    0.00   77.49
          10.58    0.00   12.04    0.00    0.00   77.38
          10.67    0.00   12.03    0.00    0.00   77.30
          10.20    0.00   11.87    0.00    0.00   77.93
          10.45    0.00   12.09    0.00    0.00   77.46
          11.18    0.00   12.12    0.35    0.00   76.35
          10.39    0.00   12.12    0.00    0.00   77.49
          10.55    0.00   12.12    0.00    0.00   77.32
          10.54    0.00   12.20    0.00    0.00   77.26
          10.47    0.00   12.29    0.00    0.00   77.24
          10.59    0.00   11.86    0.00    0.00   77.55
          10.46    0.00   11.95    0.00    0.00   77.58
          10.39    0.00   12.01    0.00    0.00   77.59
          10.73    0.00   11.74    0.00    0.00   77.53
          10.52    0.00   12.21    0.00    0.00   77.27
          10.32    0.00   12.30    0.00    0.00   77.38
          10.44    0.00   12.10    0.00    0.00   77.46
          10.36    0.00   12.04    0.00    0.00   77.60
          10.30    0.00   11.86    0.00    0.00   77.84
          10.44    0.00   11.89    0.00    0.00   77.67
          10.68    0.00   12.14    0.00    0.00   77.19
          10.66    0.00   12.24    0.00    0.00   77.10
          10.65    0.00   12.18    0.00    0.00   77.17
          10.29    0.00   11.67    0.00    0.00   78.04
          10.36    0.00   11.83    0.00    0.00   77.81
          10.40    0.00   11.81    0.00    0.00   77.79
          10.56    0.00   12.03    0.00    0.00   77.40
          10.47    0.00   12.10    0.00    0.00   77.43
          10.34    0.00   11.77    0.00    0.00   77.89
          10.41    0.00   12.17    0.00    0.00   77.42
          10.54    0.00   11.95    0.00    0.00   77.51
          10.48    0.00   11.90    0.00    0.00   77.62
          10.37    0.00   12.01    0.00    0.00   77.61
          10.58    0.00   12.10    0.00    0.00   77.32
          10.62    0.00   12.06    0.00    0.00   77.32
          10.41    0.00   11.76    0.00    0.00   77.83
          10.57    0.00   11.71    0.00    0.00   77.72
          10.61    0.00   11.79    0.00    0.00   77.60
          10.40    0.00   11.90    0.00    0.00   77.71
          10.31    0.00   11.96    0.00    0.00   77.73
          10.36    0.00   12.02    0.00    0.00   77.62
          10.41    0.00   12.09    0.00    0.00   77.50
          10.61    0.00   11.75    0.00    0.00   77.64
          10.53    0.00   12.14    0.00    0.00   77.33
          10.48    0.00   11.82    0.00    0.00   77.71
          10.38    0.00   11.87    0.00    0.00   77.75
          10.50    0.00   11.60    0.00    0.00   77.89
          10.29    0.00   11.84    0.00    0.00   77.88
          10.32    0.00   11.81    0.00    0.00   77.87
          10.47    0.00   12.10    0.00    0.00   77.42
          10.57    0.00   12.19    0.00    0.00   77.24
          10.45    0.00   12.07    0.00    0.00   77.48
          10.41    0.00   11.76    0.00    0.00   77.83
          10.45    0.00   11.88    0.00    0.00   77.67
          10.35    0.00   12.01    0.00    0.00   77.64
          10.31    0.00   11.88    0.00    0.00   77.81
          10.43    0.00   11.99    0.00    0.00   77.58
          10.53    0.00   11.99    0.00    0.00   77.48
          10.33    0.00   12.11    0.00    0.00   77.57
          10.39    0.00   11.76    0.00    0.00   77.86
          10.38    0.00   11.67    0.00    0.00   77.95
          10.35    0.00   11.94    0.00    0.00   77.72
          10.52    0.00   11.88    0.00    0.00   77.60
          10.31    0.00   11.84    0.00    0.00   77.85
          10.46    0.00   11.61    0.00    0.00   77.93
          11.21    0.00   11.76    0.40    0.00   76.63
          10.31    0.00   11.87    0.00    0.00   77.82
          10.42    0.00   11.92    0.00    0.00   77.66
          10.28    0.00   11.91    0.00    0.00   77.80
          10.52    0.00   12.00    0.00    0.00   77.48
          10.69    0.00   12.10    0.00    0.00   77.21
          10.48    0.00   11.81    0.00    0.00   77.71
          10.45    0.00   11.67    0.00    0.00   77.88
          10.39    0.00   12.00    0.00    0.00   77.61
          10.34    0.00   11.91    0.00    0.00   77.75
          10.39    0.00   11.77    0.00    0.00   77.84
          10.42    0.00   11.74    0.00    0.00   77.84
          10.36    0.00   12.24    0.00    0.00   77.40
          10.48    0.00   11.85    0.00    0.00   77.67
          10.52    0.00   12.05    0.00    0.00   77.44
          10.29    0.00   11.82    0.00    0.00   77.89
          10.31    0.00   11.94    0.00    0.00   77.75
          10.37    0.00   11.88    0.00    0.00   77.74
          10.43    0.00   11.98    0.00    0.00   77.59
          10.46    0.00   11.79    0.00    0.00   77.74
          10.41    0.00   11.95    0.00    0.00   77.64
          10.47    0.00   12.00    0.00    0.00   77.53
          10.48    0.00   11.82    0.00    0.00   77.70
          10.09    0.00   11.90    0.00    0.00   78.02
          10.35    0.00   11.90    0.00    0.00   77.74
          10.60    0.00   11.90    0.00    0.00   77.50
          10.43    0.00   12.08    0.00    0.00   77.49
          10.44    0.00   12.02    0.00    0.00   77.54
          10.48    0.00   11.91    0.00    0.00   77.61
          10.20    0.00   12.08    0.00    0.00   77.71
          10.42    0.00   11.85    0.00    0.00   77.74
          10.28    0.00   11.76    0.00    0.00   77.96
          10.41    0.00   11.95    0.00    0.00   77.64
          10.54    0.00   12.03    0.00    0.00   77.43
          10.34    0.00   12.05    0.00    0.00   77.61
          10.24    0.00   11.70    0.00    0.00   78.06
          10.37    0.00   11.75    0.00    0.00   77.87
          10.41    0.00   11.80    0.00    0.00   77.79
          10.41    0.00   11.85    0.00    0.00   77.74
          10.73    0.00   11.90    0.00    0.00   77.37
          10.55    0.00   11.87    0.00    0.00   77.58
          10.56    0.00   11.87    0.00    0.00   77.57
          10.35    0.00   12.14    0.00    0.00   77.51
          10.30    0.00   11.79    0.00    0.00   77.91
          10.30    0.00   11.94    0.00    0.00   77.75
          10.66    0.00   12.39    0.00    0.00   76.95
          10.49    0.00   12.07    0.00    0.00   77.44
          10.53    0.00   12.02    0.00    0.00   77.45
          10.58    0.00   11.86    0.00    0.00   77.56
          10.33    0.00   12.10    0.00    0.00   77.58
          10.30    0.00   11.93    0.00    0.00   77.77
          10.25    0.00   11.65    0.00    0.00   78.10
          10.37    0.00   11.82    0.00    0.00   77.81
          10.47    0.00   11.79    0.00    0.00   77.75
          10.49    0.00   11.74    0.00    0.00   77.78
          10.40    0.00   11.87    0.00    0.00   77.73
          10.47    0.00   11.78    0.00    0.00   77.75
          10.55    0.00   11.77    0.00    0.00   77.68
          10.36    0.00   11.69    0.00    0.00   77.95
          10.40    0.00   11.62    0.00    0.00   77.98
          11.25    0.00   11.80    1.34    0.00   75.60
          10.47    0.00   11.82    0.00    0.00   77.71
          10.33    0.00   12.03    0.00    0.00   77.64
          10.60    0.00   12.04    0.00    0.00   77.36
          10.52    0.00   11.97    0.00    0.00   77.51
          10.30    0.00   12.12    0.00    0.00   77.58
          10.29    0.00   11.94    0.00    0.00   77.77
          10.32    0.00   11.81    0.00    0.00   77.87
          10.46    0.00   12.06    0.00    0.00   77.48
          10.48    0.00   12.05    0.00    0.00   77.47
          10.36    0.00   11.71    0.00    0.00   77.93
          10.31    0.00   11.78    0.00    0.00   77.91
          10.40    0.00   11.65    0.00    0.00   77.95
          10.57    0.00   11.94    0.00    0.00   77.49
          10.43    0.00   11.86    0.00    0.00   77.71
          10.42    0.00   12.08    0.00    0.00   77.50
          10.47    0.00   12.05    0.00    0.00   77.48
          10.41    0.00   11.79    0.00    0.00   77.80
          10.49    0.00   11.61    0.00    0.00   77.90
          10.43    0.00   11.67    0.00    0.00   77.90
          10.29    0.00   11.76    0.00    0.00   77.95
          10.47    0.00   11.69    0.00    0.00   77.84
          10.47    0.00   11.77    0.00    0.00   77.76
          10.40    0.00   11.90    0.00    0.00   77.70
          10.52    0.00   11.76    0.00    0.00   77.73
          10.30    0.00   11.85    0.00    0.00   77.85
          10.32    0.00   11.90    0.00    0.00   77.78
          10.39    0.00   12.01    0.00    0.00   77.59
          10.40    0.00   12.03    0.00    0.00   77.57
          10.47    0.00   11.89    0.00    0.00   77.64
          10.43    0.00   11.80    0.00    0.00   77.77
          10.30    0.00   11.90    0.00    0.00   77.80
          10.32    0.00   11.84    0.00    0.00   77.84
          10.45    0.00   11.64    0.00    0.00   77.90
          10.38    0.00   11.76    0.00    0.00   77.87
          10.42    0.00   11.65    0.00    0.00   77.93
          10.41    0.00   11.83    0.00    0.00   77.76
          10.53    0.00   11.64    0.00    0.00   77.84
          10.40    0.00   11.76    0.00    0.00   77.84
          10.39    0.00   11.90    0.00    0.00   77.71
          10.44    0.00   11.81    0.00    0.00   77.75
          10.36    0.00   11.82    0.00    0.00   77.83
          10.39    0.00   11.77    0.00    0.00   77.85
          10.36    0.00   11.96    0.00    0.00   77.67
          10.41    0.00   11.69    0.00    0.00   77.90
          10.31    0.00   11.82    0.00    0.00   77.87
          10.49    0.00   11.69    0.00    0.00   77.83
          10.58    0.00   11.85    0.00    0.00   77.57
          10.31    0.00   11.87    0.00    0.00   77.83
          10.28    0.00   11.79    0.00    0.00   77.93
          10.39    0.00   11.81    0.00    0.00   77.81
          10.47    0.00   11.80    0.00    0.00   77.73
          10.30    0.00   11.75    0.00    0.00   77.96
          10.30    0.00   11.80    0.00    0.00   77.91
          10.44    0.00   12.11    0.00    0.00   77.45
          10.54    0.00   11.83    0.00    0.00   77.64
          10.34    0.00   11.78    0.00    0.00   77.88
          10.41    0.00   11.62    0.00    0.00   77.97
          10.29    0.00   11.74    0.00    0.00   77.97
          10.35    0.00   11.77    0.00    0.00   77.89
          10.99    0.00   11.65    0.56    0.00   76.80
          10.25    0.00   11.71    0.00    0.00   78.04
          10.38    0.00   11.77    0.00    0.00   77.85
          10.36    0.00   11.72    0.00    0.00   77.92
          10.36    0.00   11.61    0.00    0.00   78.03
          10.56    0.00   11.45    0.00    0.00   77.98
          10.36    0.00   11.95    0.00    0.00   77.68
          10.37    0.00   11.74    0.00    0.00   77.89
          10.48    0.00   11.66    0.00    0.00   77.86
          10.29    0.00   12.02    0.00    0.00   77.69
          10.33    0.00   11.69    0.00    0.00   77.97
          10.31    0.00   11.76    0.00    0.00   77.93
          10.22    0.00   11.92    0.00    0.00   77.86
          10.42    0.00   11.86    0.00    0.00   77.72
          10.43    0.00   11.95    0.00    0.00   77.62
          10.40    0.00   11.68    0.00    0.00   77.93
          10.36    0.00   11.75    0.00    0.00   77.89
          10.27    0.00   11.78    0.00    0.00   77.94
          10.50    0.00   11.67    0.00    0.00   77.83
          10.55    0.00   11.64    0.00    0.00   77.81
          10.50    0.00   11.85    0.00    0.00   77.65
          10.33    0.00   11.81    0.00    0.00   77.86
          10.37    0.00   11.75    0.00    0.00   77.88
          10.34    0.00   11.60    0.00    0.00   78.06
          10.43    0.00   11.80    0.00    0.00   77.77
          10.42    0.00   11.61    0.00    0.00   77.96
          10.36    0.00   11.74    0.00    0.00   77.90
          10.33    0.00   11.88    0.00    0.00   77.79
          10.40    0.00   11.73    0.00    0.00   77.87
          10.24    0.00   11.79    0.00    0.00   77.96
          10.15    0.00   11.65    0.00    0.00   78.20
          10.27    0.00   11.81    0.00    0.00   77.92
          10.25    0.00   11.84    0.00    0.00   77.91
          10.37    0.00   11.89    0.00    0.00   77.75
          10.38    0.00   11.44    0.00    0.00   78.17
          10.46    0.00   11.67    0.00    0.00   77.87
          10.28    0.00   11.98    0.00    0.00   77.74
          10.29    0.00   11.85    0.00    0.00   77.87
          10.35    0.00   11.88    0.00    0.00   77.77
          10.34    0.00   11.81    0.00    0.00   77.86
          10.40    0.00   11.72    0.00    0.00   77.88
          10.16    0.00   11.44    0.00    0.00   78.41
          10.17    0.00   11.76    0.00    0.00   78.08
          10.48    0.00   11.51    0.00    0.00   78.00
          10.46    0.00   11.60    0.00    0.00   77.95
          10.33    0.00   11.53    0.00    0.00   78.14
          10.32    0.00   11.76    0.00    0.00   77.92
          10.35    0.00   11.57    0.00    0.00   78.08
          10.43    0.00   11.34    0.00    0.00   78.23
          10.40    0.00   11.79    0.00    0.00   77.81
          10.29    0.00   11.92    0.00    0.00   77.79
          10.41    0.00   11.93    0.00    0.00   77.66
          10.26    0.00   11.92    0.00    0.00   77.82
          10.31    0.00   11.70    0.00    0.00   77.99
          10.54    0.00   11.97    0.00    0.00   77.48
          10.47    0.00   11.70    0.00    0.00   77.83
          10.32    0.00   11.93    0.00    0.00   77.74
          10.45    0.00   11.65    0.00    0.00   77.91
          10.30    0.00   11.79    0.00    0.00   77.91
          10.26    0.00   11.67    0.00    0.00   78.07
          11.08    0.00   11.68    0.52    0.00   76.72
          10.33    0.00   11.58    0.00    0.00   78.09
          10.37    0.00   11.83    0.00    0.00   77.79
          10.30    0.00   11.76    0.00    0.00   77.95
          10.28    0.00   11.72    0.00    0.00   78.00
          10.46    0.00   11.60    0.00    0.00   77.94
          10.45    0.00   11.51    0.00    0.00   78.05
          10.41    0.00   11.77    0.00    0.00   77.82
          10.42    0.00   11.56    0.00    0.00   78.02
          10.43    0.00   11.67    0.00    0.00   77.89
          10.26    0.00   11.75    0.00    0.00   77.99
          10.39    0.00   11.73    0.00    0.00   77.88
          10.25    0.00   11.66    0.00    0.00   78.09
          10.29    0.00   11.68    0.00    0.00   78.03
          10.45    0.00   11.51    0.00    0.00   78.03
          10.41    0.00   11.64    0.00    0.00   77.95
          10.41    0.00   11.63    0.00    0.00   77.96
          10.38    0.00   11.75    0.00    0.00   77.86
          10.25    0.00   11.78    0.00    0.00   77.97
          10.28    0.00   11.72    0.00    0.00   78.00
          10.46    0.00   11.68    0.00    0.00   77.86
          10.42    0.00   11.77    0.00    0.00   77.81
          10.34    0.00   11.73    0.00    0.00   77.93
          10.29    0.00   11.80    0.00    0.00   77.92
          10.29    0.00   11.65    0.00    0.00   78.06
          10.35    0.00   11.71    0.00    0.00   77.94
          10.32    0.00   11.53    0.00    0.00   78.15
          10.33    0.00   11.79    0.00    0.00   77.88
          10.55    0.00   11.69    0.00    0.00   77.75
          10.24    0.00   11.91    0.00    0.00   77.85
          10.31    0.00   11.68    0.00    0.00   78.00
          10.33    0.00   11.69    0.00    0.00   77.98
          10.33    0.00   11.67    0.00    0.00   78.00
          10.27    0.00   11.71    0.00    0.00   78.02
          10.14    0.00   11.72    0.00    0.00   78.14
          10.25    0.00   11.78    0.00    0.00   77.97
          10.34    0.00   11.75    0.00    0.00   77.91
          10.38    0.00   11.86    0.00    0.00   77.76
          10.44    0.00   11.61    0.00    0.00   77.95
          10.35    0.00   11.71    0.00    0.00   77.94
          10.36    0.00   11.72    0.00    0.00   77.92
          10.63    0.00   11.42    0.00    0.00   77.95
          10.38    0.00   11.63    0.00    0.00   78.00
          10.40    0.00   11.80    0.00    0.00   77.80
          10.66    0.00   11.51    0.00    0.00   77.83
          10.37    0.00   11.91    0.00    0.00   77.72
          10.34    0.00   11.56    0.00    0.00   78.10
          10.35    0.00   11.79    0.00    0.00   77.86
          10.32    0.00   11.79    0.00    0.00   77.89
          10.49    0.00   11.64    0.00    0.00   77.88
          10.17    0.00   11.54    0.00    0.00   78.30
          10.38    0.00   11.74    0.00    0.00   77.88
          10.18    0.00   11.82    0.00    0.00   78.00
          10.31    0.00   11.59    0.00    0.00   78.10
          10.33    0.00   11.74    0.00    0.00   77.92
          10.31    0.00   11.79    0.00    0.00   77.90
          10.37    0.00   11.57    0.00    0.00   78.06
          10.26    0.00   11.55    0.00    0.00   78.19
          10.25    0.00   11.60    0.00    0.00   78.15
          10.32    0.00   11.61    0.00    0.00   78.07
          11.06    0.00   11.69    1.64    0.00   75.62
          10.26    0.00   11.46    0.00    0.00   78.29
          10.61    0.00   11.60    0.00    0.00   77.78
          10.43    0.00   11.88    0.00    0.00   77.68
          10.22    0.00   11.67    0.00    0.00   78.11
          10.46    0.00   11.52    0.00    0.00   78.02
          10.58    0.00   11.43    0.00    0.00   77.99
          10.31    0.00   11.61    0.00    0.00   78.07
          10.31    0.00   11.69    0.00    0.00   78.01
          10.31    0.00   11.90    0.00    0.00   77.79
          10.32    0.00   11.58    0.00    0.00   78.10
          10.25    0.00   11.74    0.00    0.00   78.01
          10.38    0.00   11.71    0.00    0.00   77.91
          10.38    0.00   11.72    0.00    0.00   77.90
          10.45    0.00   11.65    0.00    0.00   77.90
          10.41    0.00   11.63    0.00    0.00   77.96
          10.28    0.00   11.65    0.00    0.00   78.07
          10.32    0.00   11.76    0.00    0.00   77.92
          10.35    0.00   11.63    0.00    0.00   78.02
          10.35    0.00   11.30    0.00    0.00   78.35
          10.43    0.00   11.62    0.00    0.00   77.96
          10.22    0.00   11.61    0.00    0.00   78.17
          10.19    0.00   11.80    0.00    0.00   78.02
          10.37    0.00   11.49    0.00    0.00   78.14
          10.21    0.00   11.57    0.00    0.00   78.22
          10.48    0.00   11.43    0.00    0.00   78.09
          10.33    0.00   11.71    0.00    0.00   77.96
          10.28    0.00   11.79    0.00    0.00   77.93
          10.24    0.00   11.69    0.00    0.00   78.07
          10.19    0.00   11.77    0.00    0.00   78.04
          10.41    0.00   11.55    0.00    0.00   78.03
          10.44    0.00   11.57    0.00    0.00   77.99
          10.53    0.00   11.61    0.00    0.00   77.86
          10.41    0.00   11.45    0.00    0.00   78.14
          10.38    0.00   11.58    0.00    0.00   78.04
          10.17    0.00   11.67    0.00    0.00   78.15
          10.45    0.00   11.64    0.00    0.00   77.92
          10.38    0.00   11.56    0.00    0.00   78.06
          10.55    0.00   11.59    0.00    0.00   77.86
          10.26    0.00   11.80    0.00    0.00   77.94
          10.21    0.00   11.68    0.00    0.00   78.11
          10.24    0.00   11.60    0.00    0.00   78.16
          10.27    0.00   11.53    0.00    0.00   78.20
          10.37    0.00   11.38    0.00    0.00   78.25
          10.36    0.00   11.52    0.00    0.00   78.12
          10.32    0.00   11.64    0.00    0.00   78.03
          10.33    0.00   11.62    0.00    0.00   78.04
          10.41    0.00   11.43    0.00    0.00   78.16
          10.17    0.00   11.60    0.00    0.00   78.23
          10.23    0.00   11.60    0.00    0.00   78.17
          10.26    0.00   11.83    0.00    0.00   77.92
          10.42    0.00   11.79    0.00    0.00   77.79
          10.19    0.00   11.73    0.00    0.00   78.07
          10.33    0.00   11.65    0.00    0.00   78.01
          10.26    0.00   11.90    0.00    0.00   77.84
          10.39    0.00   11.65    0.00    0.00   77.96
          10.25    0.00   11.80    0.00    0.00   77.96
          10.28    0.00   11.59    0.00    0.00   78.13
          10.34    0.00   11.67    0.00    0.00   77.99
          10.23    0.00   11.67    0.00    0.00   78.10
          11.10    0.00   11.68    0.61    0.00   76.61
          10.40    0.00   11.69    0.00    0.00   77.91
          10.32    0.00   11.67    0.00    0.00   78.01
          10.30    0.00   11.73    0.00    0.00   77.97
          10.15    0.00   11.60    0.00    0.00   78.24
          10.33    0.00   11.60    0.00    0.00   78.07
          10.29    0.00   11.55    0.00    0.00   78.16
          10.23    0.00   11.67    0.00    0.00   78.10
          10.28    0.00   11.74    0.00    0.00   77.99
          10.34    0.00   11.71    0.00    0.00   77.95
          10.52    0.00   11.60    0.00    0.00   77.88
          10.35    0.00   11.66    0.00    0.00   77.99
          10.25    0.00   11.75    0.00    0.00   78.00
          10.33    0.00   11.66    0.00    0.00   78.01
          10.44    0.00   11.78    0.00    0.00   77.79
          10.38    0.00   11.83    0.00    0.00   77.79
          10.26    0.00   11.69    0.00    0.00   78.05
          10.16    0.00   11.77    0.00    0.00   78.07
          10.37    0.00   11.49    0.00    0.00   78.14
          10.24    0.00   11.66    0.00    0.00   78.09
          10.37    0.00   11.64    0.00    0.00   77.99
          10.34    0.00   11.56    0.00    0.00   78.10
          10.40    0.00   11.61    0.00    0.00   78.00
          10.18    0.00   11.51    0.00    0.00   78.31
          10.39    0.00   11.62    0.00    0.00   77.99
          10.27    0.00   11.67    0.00    0.00   78.06
          10.22    0.00   11.59    0.00    0.00   78.18
          10.32    0.00   11.58    0.00    0.00   78.10
          10.46    0.00   11.51    0.00    0.00   78.03
          10.44    0.00   11.46    0.00    0.00   78.09
          10.23    0.00   11.51    0.00    0.00   78.26
          10.44    0.00   11.50    0.00    0.00   78.06
          10.23    0.00   11.61    0.00    0.00   78.16
          10.38    0.00   11.73    0.00    0.00   77.89
          10.39    0.00   11.72    0.00    0.00   77.90
          10.29    0.00   11.88    0.00    0.00   77.83
          10.31    0.00   11.86    0.00    0.00   77.84
          10.13    0.00   11.74    0.00    0.00   78.13
          10.43    0.00   11.70    0.00    0.00   77.87
          10.31    0.00   11.53    0.00    0.00   78.16
          10.31    0.00   11.48    0.00    0.00   78.21
          10.26    0.00   11.72    0.00    0.00   78.03
          10.22    0.00   11.48    0.00    0.00   78.30
          10.39    0.00   11.32    0.00    0.00   78.29
          10.50    0.00   11.71    0.00    0.00   77.79
          10.29    0.00   11.68    0.00    0.00   78.02
          10.24    0.00   11.59    0.00    0.00   78.17
          10.20    0.00   11.54    0.00    0.00   78.26
          10.24    0.00   11.48    0.00    0.00   78.29
          10.32    0.00   11.47    0.00    0.00   78.20
          10.17    0.00   11.76    0.00    0.00   78.07
          10.27    0.00   11.70    0.00    0.00   78.03
          10.23    0.00   11.63    0.00    0.00   78.14
          10.25    0.00   11.62    0.00    0.00   78.12
          10.15    0.00   11.80    0.00    0.00   78.06
          10.27    0.00   11.49    0.00    0.00   78.24
          10.18    0.00   11.52    0.00    0.00   78.30
          10.25    0.00   11.51    0.00    0.00   78.24
          10.43    0.00   11.58    0.00    0.00   77.99
          10.23    0.00   11.61    0.00    0.00   78.16
          10.95    0.00   11.64    0.48    0.00   76.93
          10.20    0.00   11.68    0.00    0.00   78.12
          10.39    0.00   11.75    0.00    0.00   77.86
          10.25    0.00   11.61    0.00    0.00   78.14
          10.20    0.00   11.66    0.00    0.00   78.14
          10.53    0.00   11.71    0.00    0.00   77.75
          10.31    0.00   11.42    0.00    0.00   78.28
          10.20    0.00   11.46    0.00    0.00   78.34
          10.36    0.00   11.64    0.00    0.00   78.00
          10.22    0.00   11.68    0.00    0.00   78.10
          10.34    0.00   11.46    0.00    0.00   78.20
          10.13    0.00   11.63    0.00    0.00   78.23
          10.42    0.00   11.77    0.00    0.00   77.82
          10.30    0.00   11.49    0.00    0.00   78.22
          10.50    0.00   11.48    0.00    0.00   78.03
          10.37    0.00   11.83    0.00    0.00   77.79
          10.39    0.00   11.67    0.00    0.00   77.94
          10.20    0.00   11.60    0.00    0.00   78.20
          10.52    0.00   11.67    0.00    0.00   77.81
          10.25    0.00   11.67    0.00    0.00   78.09
          10.36    0.00   11.58    0.00    0.00   78.06
          10.30    0.00   11.64    0.00    0.00   78.06
          10.17    0.00   11.79    0.00    0.00   78.04
          10.45    0.00   11.55    0.00    0.00   78.00
          10.44    0.00   11.48    0.00    0.00   78.08
          10.32    0.00   11.42    0.00    0.00   78.25
          10.11    0.00   11.63    0.00    0.00   78.26
          10.18    0.00   11.56    0.00    0.00   78.25
          10.34    0.00   11.60    0.00    0.00   78.06
          10.18    0.00   11.60    0.00    0.00   78.23
          10.18    0.00   11.63    0.00    0.00   78.19
          10.17    0.00   11.61    0.00    0.00   78.22
          10.40    0.00   11.51    0.00    0.00   78.10
          10.32    0.00   11.66    0.00    0.00   78.02
          10.25    0.00   11.90    0.00    0.00   77.84
          10.21    0.00   11.75    0.00    0.00   78.03
          10.20    0.00   11.71    0.00    0.00   78.09
          10.30    0.00   11.62    0.00    0.00   78.08
          10.28    0.00   11.62    0.00    0.00   78.09
          10.29    0.00   11.83    0.00    0.00   77.87
          10.20    0.00   11.78    0.00    0.00   78.02
          10.27    0.00   11.55    0.00    0.00   78.17
          10.19    0.00   11.65    0.00    0.00   78.16
          10.25    0.00   11.41    0.00    0.00   78.34
          10.17    0.00   11.81    0.00    0.00   78.03
          10.58    0.00   11.84    0.00    0.00   77.58
          10.23    0.00   11.59    0.00    0.00   78.18
          10.21    0.00   11.75    0.00    0.00   78.04
          10.30    0.00   11.54    0.00    0.00   78.16
          10.18    0.00   11.44    0.00    0.00   78.38
          10.33    0.00   11.34    0.00    0.00   78.33
          10.19    0.00   11.74    0.00    0.00   78.08
          10.31    0.00   11.55    0.00    0.00   78.15
          10.42    0.00   11.44    0.00    0.00   78.15
          10.23    0.00   11.76    0.00    0.00   78.01
          10.13    0.00   11.87    0.00    0.00   78.00
          10.31    0.00   11.66    0.00    0.00   78.03
          10.29    0.00   11.51    0.00    0.00   78.20
          10.33    0.00   11.66    0.00    0.00   78.01
          10.21    0.00   11.57    0.00    0.00   78.22
          11.03    0.00   11.53    1.51    0.00   75.93
          10.29    0.00   11.45    0.00    0.00   78.26
          10.27    0.00   11.38    0.00    0.00   78.35
          10.57    0.00   11.82    0.00    0.00   77.61
          10.32    0.00   11.37    0.00    0.00   78.31
          10.40    0.00   11.58    0.00    0.00   78.02
          10.24    0.00   11.49    0.00    0.00   78.27
          10.27    0.00   11.40    0.00    0.00   78.33
          10.21    0.00   11.65    0.00    0.00   78.14
          10.22    0.00   11.43    0.00    0.00   78.35
          10.35    0.00   11.70    0.00    0.00   77.95
          10.44    0.00   11.60    0.00    0.00   77.96
          10.34    0.00   11.66    0.00    0.00   78.00
          10.21    0.00   11.58    0.00    0.00   78.20
          10.15    0.00   11.46    0.00    0.00   78.39
          10.35    0.00   11.53    0.00    0.00   78.12
          10.08    0.00   11.61    0.00    0.00   78.31
          10.17    0.00   11.76    0.00    0.00   78.07
          10.28    0.00   11.67    0.00    0.00   78.05
          10.36    0.00   11.66    0.00    0.00   77.97
          10.34    0.00   11.47    0.00    0.00   78.19
          10.43    0.00   11.56    0.00    0.00   78.01
          10.29    0.00   11.55    0.00    0.00   78.16
          10.25    0.00   11.43    0.00    0.00   78.31
          10.27    0.00   11.47    0.00    0.00   78.27
          10.48    0.00   11.38    0.00    0.00   78.14
          10.27    0.00   11.73    0.00    0.00   77.99
          10.34    0.00   11.49    0.00    0.00   78.18
          10.24    0.00   11.72    0.00    0.00   78.04
          10.21    0.00   11.58    0.00    0.00   78.22
          10.38    0.00   11.41    0.00    0.00   78.21
          10.24    0.00   11.45    0.00    0.00   78.31
          10.43    0.00   11.40    0.00    0.00   78.16
          10.29    0.00   11.37    0.00    0.00   78.34
          10.25    0.00   11.65    0.00    0.00   78.10
          10.29    0.00   11.66    0.00    0.00   78.05
          10.08    0.00   11.63    0.00    0.00   78.29
          10.28    0.00   11.53    0.00    0.00   78.20
          10.47    0.00   11.53    0.00    0.00   78.01
          10.29    0.00   11.52    0.00    0.00   78.19
          10.33    0.00   11.52    0.00    0.00   78.15
          10.24    0.00   11.61    0.00    0.00   78.15
          10.26    0.00   11.66    0.00    0.00   78.08
          10.41    0.00   11.55    0.00    0.00   78.04
          10.26    0.00   11.59    0.00    0.00   78.16
          10.11    0.00   11.41    0.00    0.00   78.48
          10.20    0.00   11.34    0.00    0.00   78.47
          10.27    0.00   11.57    0.00    0.00   78.15
          10.32    0.00   11.53    0.00    0.00   78.16
          10.20    0.00   11.65    0.00    0.00   78.16
          10.26    0.00   11.50    0.00    0.00   78.24
          10.19    0.00   11.41    0.00    0.00   78.40
          10.20    0.00   11.51    0.00    0.00   78.29
          10.06    0.00   11.61    0.00    0.00   78.33
          10.17    0.00   11.51    0.00    0.00   78.31
          10.42    0.00   11.62    0.00    0.00   77.95
          10.17    0.00   11.57    0.00    0.00   78.26
          10.18    0.00   11.66    0.00    0.00   78.16
          10.48    0.00   11.63    0.00    0.00   77.89
          10.39    0.00   11.55    0.00    0.00   78.06
          10.87    0.00   11.45    0.45    0.00   77.23
          10.26    0.00   11.55    0.00    0.00   78.19
          10.22    0.00   11.57    0.00    0.00   78.21
          10.25    0.00   11.40    0.00    0.00   78.35
          10.24    0.00   11.68    0.00    0.00   78.08
          10.34    0.00   11.61    0.00    0.00   78.05
          10.30    0.00   11.50    0.00    0.00   78.20
          10.29    0.00   11.58    0.00    0.00   78.12
